 I0342     03 41 57 +67 56 24 I  7045  7.86  6 03 41 35 +67 56 19  510     165.75  20.6     80.49     49.27   6.300   40.37
 I0749     11 56 00 +43 00 48 I  7760 12.44  5                         <    24.37       <    5.55 <    1.82  27.300 < 40.21
 I0750     11 56 17 +43 00 06 I  7760 12.09  3                         <    24.92       <    5.68 <    1.86  27.300 < 40.22
 I0989     14 12 18 +03 21 00 I  4550 14.00 -5                         <    13.08       <    8.80 <    2.39 157.900 < 41.85
 I1024     14 28 55 +03 13 48 I  4551 13.90 -2                         <    16.70       <    8.66 <    2.37  40.100 < 40.66
 I1459     22 54 23 -36 43 47 I  6674 10.96 -5 22 54 23 -36 43 57  240     105.65  14.9     32.24      8.23  32.100   41.01
 I1613   b 01 02 13 +01 51 00 I  2086  9.75 10 01 02 28 +01 46 15  300     414.43  27.3     60.27     21.95   0.700   38.11
 I1613     01 02 13 +01 51 00 H  2087  9.75 10                         <   502.53       <  160.09 <  223.07   0.700 < 39.12
 I1727     01 44 40 +27 05 06 I  7756 11.50  9                         <    29.24       <    4.80 <    2.05  10.300 < 39.42
 I2574     10 24 40 +68 40 06 I  7050 10.45  9 10 25 01 +68 43 37   90      25.63   8.0      4.17      1.44   4.300   38.50
 I3528     12 32 25 +15 50 30 I  7795 15.40  3 12 32 24 +15 50 47  180     130.22  17.8     75.33     26.49 282.700   43.40
 I3896     12 53 51 -05 04 35 I   544 12.37 -5                         <    66.76       <   21.92 <    5.87  48.500 < 41.22
 I4182     13 03 30 +37 52 30 H  2895 11.70  9                         <    63.40       <   20.89 <   20.89   7.100 < 40.10
 I4296     13 33 47 -33 42 24 I  1902 11.43 -5 13 33 45 -33 42 16  360     469.40  40.2     44.31     12.86  78.400   41.98
 I4329     13 46 14 -30 02 47 H   344 12.48 -2                         <    30.67       <   12.98 <   12.78  93.800 < 42.13
 I4329A    13 46 28 -30 03 42 H   344 13.37  0 13 46 28 -30 03 44   90     730.32  28.5    309.06    494.50  99.400   43.77
 I5063     20 48 12 -57 15 11 I  5254 13.14  0                         <    46.44       <   22.25 <    8.82  65.300 < 41.65
 I5283     23 00 46 +08 37 24 H 99999 14.25  6                         <    19.90       <    1.35 <    2.22 100.100 < 41.43
 LMC     a 05 24 00 -69 48 00       0  0.36  9                                                      8563.00   0.055   38.82
 N0125     00 26 16 +02 33 42 I  6643 12.88  0                         <    18.78       <   11.80 <    4.28 104.900 < 41.75
 N0127     00 26 37 +02 35 48 I  6643 14.68 -2                         <    24.54       <   15.43 <    4.27  80.000 < 41.51
 N0128     00 26 41 +02 35 17 I  6643 12.63 -2                         <    24.02       <   15.09 <    4.17  82.600 < 41.53
 N0130     00 26 44 +02 35 42 I  6643 14.78 -3                         <    25.07       <   15.75 <    4.36  88.900 < 41.62
 N0205     00 37 38 +41 24 53 H  2730  8.60 -3                         <   378.99       <   16.25 <   17.88   0.700 < 38.02
 N0221   c 00 39 59 +40 35 30       0  8.79 -6                                                                0.700   37.73
 N0224   a 00 40 00 +40 59 42       0  3.12  3                                                                0.700   39.56
 N0247     00 44 40 -21 02 00 I  5766  8.88  5 00 44 28 -21 01 59  600     424.02  46.3     41.47     13.71   2.100   38.86
 N0253     00 45 08 -25 33 42 H 99999  7.38  5 00 45 06 -25 33 48  180    1184.58  80.8     32.14     34.98   3.000   39.58
 N0253     00 45 08 -25 33 42 I  2082  7.38  5 00 45 06 -25 33 43  660    1639.52  57.6    211.21     68.81   3.000   39.87
 N0309     00 54 13 -10 11 18 I  8992 12.07  5                         <    38.01       <    7.57 <    2.87 109.500 < 41.61
 N0315   a 00 55 05 +30 04 54 H  6331 12.20 -3 00 55 06 +30 04 57   60      71.58  21.9      3.63      3.84  99.900   41.66
 N0315     00 55 05 +30 04 54 I 99999 12.20 -3 00 55 05 +30 04 48          620.61  34.7     31.90      9.69  99.900   42.06
 N0449     01 13 19 +32 49 30 I  6703 14.65  5                         <    23.22       <   11.68 <    4.77  97.800 < 41.74
 N0499     01 20 22 +33 12 00 I  7766 12.64 -3 01 20 24 +33 12 02  210     919.25  36.3     99.99     30.01  88.600   42.45
 N0507     01 20 50 +32 59 42 I  7766 11.76 -2 01 20 51 +32 59 38  630    2877.64  71.2    313.01     93.95  99.300   43.04
 N0520     01 22 00 +03 31 53 I  2088 12.09  0                         <    37.17       <    8.24 <    3.06  44.700 < 40.86
 N0521     01 22 00 +01 28 12 I   153 12.19  5                         <    12.42       <   11.83 <    4.39  97.500 < 41.70
 N0523   d 01 22 30 +33 46 00 I  4199 13.50  0                         <    22.65       <    6.20 <    2.49  97.600 < 41.45
 N0524     01 22 10 +09 16 42 I  2089 11.62  0 01 22 10 +09 16 29  240     101.20  15.4     17.59      7.01  51.600   41.35
 N0533     01 22 56 +01 30 17 I   153 12.75 -5 01 22 56 +01 29 59  270     117.48  18.0    111.90     31.42 107.900   42.64
 N0578     01 28 05 -22 55 30 I   424 11.04  5                         <    28.81       <   10.87 <    3.46  31.300 < 40.61
 N0584     01 28 50 -07 07 35 I  5768 11.20 -2                         <    36.34       <   10.22 <    2.89  37.600 < 40.69
 N0596     01 30 22 -07 17 17 I  7951 11.88 -5                         <    81.95       <    8.66 <    2.44  38.200 < 40.63
 N0598   a 01 31 03 +30 23 53 H 99999  5.69  5                                                       161.20   0.700   38.98
 N0598   a 01 31 03 +30 23 53 I 99999  5.69  5                                                       210.00   0.700   39.09
 N0625     01 32 55 -41 41 24 I  5257 11.91  0                         <    14.39       <    8.48 <    2.84   6.300 < 39.13
 N0628     01 34 01 +15 31 36 H  7599  9.41  5                         <   467.89       <   12.44 <   20.63  15.600 < 40.78
 N0628     01 34 01 +15 31 36 I  7042  9.41  5 01 34 03 +15 31 57  300      56.90  16.5      8.56      3.39  15.600   39.99
 N0672     01 45 05 +27 11 06 I  7756 10.68  5                         <    30.49       <    5.00 <    2.14  12.100 < 39.57
 N0720     01 50 34 -13 59 05 I  5769 11.15 -5 01 50 34 -13 58 52  480     294.17  27.7     65.71     17.02  32.600   41.34
 N0772     01 56 35 +18 46 00 I   464 10.33  3                         <    12.45       <   14.51 <    6.04  52.400 < 41.30
 N0871     02 14 27 +14 19 00 I  6339 13.50  5                         <    31.08       <    5.76 <    2.51  73.400 < 41.21
 N0877     02 15 16 +14 18 53 I  6339 12.06  5 02 15 13 +14 18 03  120      29.37   7.8      5.44      2.37  76.800   41.22
 N0936   a 02 25 05 -01 22 42 I 99999 11.19  0 02 25 10 -01 22 08          145.83  27.4     12.10      4.35  27.200   40.59
 N0941     02 25 55 -01 22 30 I 99999 12.56  6                         <   499.03       <   41.40 <   14.90  32.800 < 41.28
 N0945     02 26 10 -10 45 36 I 10223 12.80  5                         <    33.93       <    4.53 <    1.61  85.400 < 41.15
 N0984     02 31 52 +23 12 26 I  4544 14.70 -2                         <    19.24       <   13.89 <    4.54  87.500 < 41.62
 N0985     02 32 11 -09 00 18 H  8308 13.83 10 02 32 11 -09 00 26  130    1562.97  43.6    262.16    373.50 253.600   44.46
 N0985     02 32 11 -09 00 18 I  3143 13.83 10 02 32 11 -09 00 19  450    1802.01  45.0    545.60    200.75 253.600   44.19
 N1042     02 37 56 -08 38 47 I  1880 11.14  5 02 37 58 -08 37 33  240     173.17  23.4     15.85      5.78  26.800   40.70
 N1044     02 38 24 +08 31 24 H  9171 14.00 -3                         <     7.40       <    1.26 <    1.41 122.500 < 41.40
 N1052     02 38 37 -08 28 06 I  1880 11.53 -3 02 38 37 -08 28 01  240     207.66  22.1     19.00      5.28  28.600   40.71
 N1068     02 40 07 -00 13 30 I 99999  9.03  3 02 40 07 -00 13 27  360    2203.67  49.1    558.55    206.50  23.100   42.12
 N1073   b 02 41 05 +01 09 53 I  2092 11.20  5 02 41 04 +01 08 59  210      47.29  11.3     10.02      3.82  24.400   40.43
 N1087     02 43 52 -00 42 30 I  9138 11.13  5                         <    25.12       <   18.58 <    7.13  30.500 < 40.90
 N1090     02 44 01 -00 27 23 I  9138 12.03  5                         <    15.12       <   11.18 <    4.29  56.100 < 41.21
 N1097     02 44 11 -30 29 06 I  2093  9.75  4 02 44 09 -30 29 04  210     470.89  24.3     88.60     30.30  23.300   41.29
 N1167     02 58 35 +35 00 12 I  4545 12.79 -3                         <    17.09       <    9.13 <    3.03  99.900 < 41.56
 N1172     02 59 16 -15 01 47 I  9183 13.00 -2                         <    30.11       <    5.42 <    1.59  29.400 < 40.22
 N1201     03 01 58 -26 15 53 I 10116 11.56 -2                         <    30.79       <   21.90 <    5.70  32.500 < 40.86
 N1218     03 05 49 +03 55 12 I  9146 13.43  0 03 05 49 +03 55 00  210      83.80  10.4     57.10     25.84 169.400   42.95
 N1300     03 17 25 -19 35 30 H  2095 10.43  3                         <   116.77       <   16.55 <   23.06  30.200 < 41.40
 N1300     03 17 25 -19 35 30 I  2094 10.43  3 03 17 25 -19 35 00  120      28.60   7.7      4.55      1.65  30.200   40.26
 N1313     03 17 39 -66 40 42 I  7044  8.93  5 03 17 42 -66 40 12  180     390.48  22.7     50.22     18.91   5.900   39.90
 N1316   a 03 20 47 -37 23 06 I 99999  9.32 -2 03 20 47 -37 22 53          894.83  44.8     74.52     19.86  27.200   41.25
 N1316     03 20 47 -37 23 06 H  1885  9.32 -2 03 20 47 -37 23 07  120     329.71  50.5     14.12     11.62  27.200   41.01
 N1317     03 20 51 -37 16 53 H  1885 12.04  1                         <   115.54       <    4.96 <    6.21  27.200 < 40.74
 N1317     03 20 51 -37 16 53 I 99999 12.04  1                         <    92.86       <    7.73 <    2.66  27.200 < 40.37
 N1332     03 24 04 -21 30 30 I  7028 11.29 -2 03 24 04 -21 30 28  360     311.59  30.4     24.93      6.72  28.400   40.81
 N1350     03 29 10 -33 47 54 I  5776 11.02  1                         <    40.52       <   14.88 <    4.77  27.200 < 40.63
 N1358   a 03 31 11 -05 15 23 I 99999 12.95  1 03 31 12 -05 15 30           27.61   8.5      3.60      1.40  76.700   40.99
 N1365   a 03 31 42 -36 18 17 I 99999  9.45  3 03 31 44 -36 18 17          192.36  19.8     52.08     17.12  27.200   41.18
 N1380     03 34 31 -35 08 23 I  5777 11.10  0 03 34 30 -35 08 20  210      33.54   9.0     21.16      6.84  27.200   40.78
 N1386     03 34 52 -36 09 53 I  4129 11.08  1 03 34 48 -36 09 43  180      60.50  12.1     18.26      5.97  27.200   40.72
 N1387   a 03 35 02 -35 40 12 I 99999 11.83 -2 03 35 03 -35 40 47          108.33  22.2     24.85      6.43  27.200   40.76
 N1389     03 35 17 -35 54 30 I 99999 12.39 -2                         <    43.88       <   10.07 <    2.60  27.200 < 40.36
 N1395     03 36 19 -23 11 23 I  9185 11.18 -5 03 36 20 -23 11 14  480     589.32  56.6     42.33     11.14  32.100   41.14
 N1398   a 03 36 45 -26 29 53 I 99999 10.04  2 03 36 46 -26 29 49          159.87  18.9     11.57      3.60  25.900   40.46
 N1399     03 36 35 -35 36 42 I  1887 10.79 -5 03 36 35 -35 36 56 1200    3251.98  93.0    835.95    229.42  27.200   42.31
 N1400     03 37 15 -18 50 54 I 10241 12.08 -3                         <    69.87       <   16.51 <    4.98   8.000 < 39.58
 N1404     03 36 57 -35 45 17 I  1887 11.06 -5 03 36 56 -35 45 18  300     470.91  28.4    128.74     33.22  27.200   41.47
 N1407     03 37 57 -18 44 24 I 10241 10.93 -5 03 37 55 -18 44 09  300     198.79  21.0     46.99     14.18  34.700   41.31
 N1421   b 03 40 09 -13 38 54 I  9130 11.14  5 03 40 07 -13 40 59  270      36.42  10.8     16.61      6.41  41.000   41.11
 N1497     03 59 07 +22 59 49 I  4546 14.20 -2                         <     9.49       <    6.16 <    2.06 122.600 < 41.57
 N1510     04 01 54 -43 33 00 I  5258 13.24 -6                         <    31.37       <   15.81 <    4.20  16.600 < 40.14
 N1512     04 02 16 -43 29 12 I  5258 10.77  3                         <    21.54       <   10.86 <    3.71  15.300 < 40.02
 N1533     04 08 50 -56 15 00 I  7030 11.65  0 04 08 45 -56 14 38  240      80.95  18.9      7.80      2.76  21.500   40.18
 N1553     04 15 05 -55 54 12 I  5726 10.36 -2 04 15 08 -55 54 43  270      39.87   9.1     53.97     14.36  21.500   40.90
 N1559     04 17 01 -62 54 17 I  7046 10.44  5 04 16 59 -62 54 03  180     219.21  19.7     26.16      9.80  23.000   40.79
 N1566     04 18 53 -55 03 24 H  7112  9.79  5 04 18 53 -55 03 21  110    2934.22  60.8    178.59    219.62  21.500   42.08
 N1566     04 18 53 -55 03 24 I 99999  9.79  5 04 18 54 -55 03 14  300    1246.34  38.5    242.85     82.68  21.500   41.66
 N1569     04 26 05 +64 44 24 H  2700 11.08  9                         <    18.76       <    8.11 <   27.80   2.600 < 39.35
 N1569     04 26 05 +64 44 24 I   414 11.08  9 04 26 05 +64 44 32  210      99.33  11.9     34.89     19.31   2.600   39.19
 N1574     04 20 59 -57 05 24 I  5782 11.13 -2                         <    38.07       <   26.05 <    7.01  21.500 < 40.59
 N1600   b 04 29 12 -05 11 30 I  6667 12.01 -5 04 29 17 -05 11 56  300      54.66  11.7     31.59      9.19  90.300   41.95
 N1614     04 31 36 -08 40 54 I  6706 13.15  5 04 31 35 -08 40 53  180      21.08   6.8     15.68      6.50  91.100   41.81
 N1625     04 34 35 -03 24 12 I  7895 12.32  4                         <    18.23       <    7.07 <    2.77  91.700 < 41.45
 N1672     04 44 58 -59 19 36 I   427 10.40  3 04 44 55 -59 19 59  210     127.05  16.5     21.90      7.65  23.300   40.70
 N1784     05 03 07 -11 56 24 I 10225 11.82  4                         <    86.17       <    6.02 <    2.62  46.100 < 40.82
 N1947     05 26 11 -63 48 00 I  7276 11.75 -2                         <    20.89       <   15.65 <    4.45  19.400 < 40.30
 N1961     05 36 34 +69 21 17 I  9460 10.91  3 05 36 39 +69 20 59  180      64.41  15.4      6.29      2.77  84.800   41.38
 N2276     07 10 31 +85 50 54 I  6645 11.53  5                         <    32.10       <   16.55 <    6.82  59.100 < 41.45
 N2300     07 15 47 +85 48 35 I  6645 11.99 -5 07 15 37 +85 48 40  240      69.07  10.7     35.61     10.85  49.800   41.51
 N2314     07 03 54 +75 24 23 I  8955 12.83 -5                         <    43.11       <   10.27 <    3.01  84.600 < 41.41
 N2366     07 23 37 +69 19 06 I  2098 11.03  9                         <    21.63       <    6.26 <    2.39   4.700 < 38.80
 N2403     07 32 03 +65 42 42 H   584  8.29  5 07 31 37 +65 42 20  100     147.06  24.1      7.60     11.89   6.800   39.82
 N2403     07 32 03 +65 42 42 I 99999  8.29  5 07 32 08 +65 42 44  390     515.82  38.5     49.60     19.12   6.800   40.02
 N2441     07 46 20 +73 09 23 I  6842 12.55  5                         <    21.70       <    8.97 <    3.34  79.900 < 41.41
 N2444     07 43 30 +39 09 18 I  3148 13.43 -2                         <    38.48       <   17.10 <    5.17  84.600 < 41.65
 N2525     08 03 15 -11 17 06 I 10226 11.31  5                         <    19.44       <    6.42 <    2.86  33.900 < 40.59
 N2562     08 17 28 +21 17 24 I   304 13.37 -1                         <    93.38       <   10.54 <    3.07 102.400 < 41.59
 N2563     08 17 40 +21 13 36 I   304 12.92 -2 08 17 42 +21 13 57  360     365.17  31.8     41.22     12.00  96.100   42.12
 N2608   b 08 32 15 +28 38 47 I  5155 12.25  4 08 32 16 +28 39 10  120      34.84  11.2      2.98      1.15  49.800   40.53
 N2629     08 41 55 +73 10 06 I  8361 13.30 -2                         <    21.00       <    8.09 <    2.20  80.800 < 41.24
 N2642     08 38 14 -03 56 35 I 10227 11.88  3                         <    28.05       <    9.32 <    3.47  88.100 < 41.51
 N2683     08 49 35 +33 36 30 I  3921  9.34  3                         <    21.69       <   22.61 <    8.24   9.200 < 39.92
 N2685     08 51 41 +58 55 30 I   415 11.85 -2                         <    24.54       <   12.17 <    3.53  26.000 < 40.46
 N2693     08 53 25 +51 32 17 I  8362 12.70 -5                         <    23.56       <   12.67 <    3.40 103.700 < 41.64
 N2694     08 53 24 +51 31 24 I  8362 14.96 -5                         <    24.67       <   13.27 <    3.56 107.500 < 41.69
 N2716     08 54 59 +03 17 00 I 99999 12.90 -1                         <    31.24       <    5.22 <    1.50  73.700 < 40.99
 N2763     09 04 29 -15 17 53 I  5789 12.12  5                         <    31.32       <    5.45 <    2.26  41.300 < 40.66
 N2773   a 09 06 58 +07 23 06 I 99999 14.70  5 09 07 05 +07 22 59           63.78  13.4      6.72      2.59 112.600   41.59
 N2775   a 09 07 41 +07 14 30 I 99999 11.10  1 09 07 40 +07 14 30          103.65  15.1     10.92      4.22  27.300   40.58
 N2777     09 08 02 +07 24 42 I 99999 14.10  2                         <    40.02       <    4.22 <    1.63  35.000 < 40.38
 N2782     09 10 54 +40 19 17 I  1941 11.50  1                         <    29.56       <   15.97 <    5.40  59.900 < 41.37
 N2832     09 16 45 +33 57 35 I  1841 12.39 -5 09 16 44 +33 57 31  360     134.47  16.2     86.72     22.85 142.300   42.74
 N2835   b 09 15 37 -22 08 48 I  5790 10.25  5 09 15 35 -22 08 00  150      27.32   9.1      4.63      2.03  17.400   39.87
 N2841     09 18 35 +51 11 18 I  2099  9.24  3 09 18 36 +51 11 35  180      70.64  12.1     14.39      4.71  19.300   40.32
 N2848     09 17 49 -16 18 47 I  5791 12.00  5                         <    34.06       <    5.17 <    2.08  44.500 < 40.69
 N2859     09 21 15 +34 43 42 I  2101 11.75 -2                         <    34.21       <    4.61 <    1.20  40.800 < 40.38
 N2903     09 29 20 +21 43 12 I  7049  8.91  5 09 29 20 +21 43 31  210     167.93  16.0     38.44     14.34  10.100   40.24
 N2911     09 31 05 +10 22 36 I  3293 12.53 -2                         <    20.63       <   13.31 <    3.76  69.200 < 41.33
 N2914     09 31 21 +10 19 54 I  3293 13.59  2                         <    16.71       <   10.78 <    4.03  68.300 < 41.35
 N2974     09 40 02 -03 28 06 I  7655 11.68 -5 09 40 03 -03 28 26  240      55.46  13.1     11.63      3.32  45.800   40.92
 N2992   a 09 43 18 -14 05 41 H 99999 11.61  1 09 43 18 -14 05 53           80.48  10.5     70.66    120.19  49.000   42.54
 N2992   a 09 43 18 -14 05 41 I 99999 11.61  1 09 43 18 -14 05 41         5444.70  78.1    509.13    204.80  49.000   42.77
 N2993     09 43 23 -14 08 06 H 99999 12.40  2                         <     6.71       <    5.89 <   10.02  49.000 < 41.46
 N3031     09 51 30 +69 18 17 H   585  7.01  3 09 51 27 +69 18 08   90    1095.40  46.7     37.41     58.94   2.200   39.53
 N3031     09 51 30 +69 18 17 I  2102  7.01  3 09 51 26 +69 18 08  480    1564.56  47.9    240.14     92.92   2.200   39.73
 N3034     09 51 41 +69 54 54 H   586  9.21  0 09 51 42 +69 54 41  200    1506.48  63.0    116.96    187.14   8.400   41.20
 N3034     09 51 41 +69 54 54 I   466  9.21  0 09 51 42 +69 55 00  660    2686.29  59.8    603.69    235.45   8.400   41.30
 N3065     09 57 35 +72 24 36 I  3470 12.81 -2 09 57 34 +72 25 16  120      25.17   5.9     27.82      7.88  50.300   41.38
 N3066     09 57 51 +72 21 54 I  3470 13.19  4                         <    19.72       <   21.80 <    8.19  52.100 < 41.42
 N3067     09 55 26 +32 36 30 I  2712 11.76  3                         <    23.48       <   14.72 <    4.94  38.900 < 40.95
 N3077     09 59 22 +68 58 30 I  2105 10.57  0                         <    66.52       <    8.16 <    3.10   3.400 < 38.63
 N3078     09 56 08 -26 41 12 I 10242 11.92 -5 09 56 09 -26 40 58  210      78.87  13.5     14.40      4.30  53.700   41.17
 N3079     09 58 35 +55 55 24 H  4628 10.31  5 09 58 36 +55 55 38   60      91.91  20.1      6.02      5.91  32.800   40.88
 N3079     09 58 35 +55 55 24 I   423 10.31  5                         <    31.57       <   37.33 <   11.47  32.800 < 41.17
 N3081     09 57 11 -22 35 05 I  5251 12.50  1 09 57 10 -22 35 18  180      33.91   7.6     20.67      8.09  52.200   41.42
 N3115     10 02 44 -07 28 30 I  3920  9.89 -2                         <    45.39       <   21.98 <    6.41  10.800 < 39.95
 N3125     10 04 18 -29 41 30 I   430 12.88  0                         <    28.88       <   16.23 <    6.76  22.500 < 40.61
 N3166     10 11 10 +03 40 30 I  6681 10.65  1 10 11 13 +03 40 49  150      17.54   5.7      8.48      3.04  35.400   40.66
 N3169     10 11 38 +03 43 12 I  6681 10.56  3                         <    23.74       <   11.48 <    4.12  31.700 < 40.70
 N3175     10 12 24 -28 37 12 I  5407 11.61  5                         <    27.63       <   14.86 <    6.10  23.900 < 40.62
 N3184     10 15 17 +41 40 00 H  2893 10.14  5                         <    59.28       <   42.32 <   47.16  14.000 < 41.04
 N3222     10 19 50 +20 08 24 I 99999 13.39 -2                         <    42.76       <    9.55 <    2.58 117.200 < 41.63
 N3227   a 10 20 47 +20 07 05 I 99999 10.92  3 10 20 46 +20 07 18         2382.74  56.4    401.25    140.34  33.100   42.26
 N3258   b 10 26 38 -35 21 00 I  1896 12.48 -5 10 26 45 -35 21 00  180      53.73  10.4     22.71      7.02  60.300   41.48
 N3281     10 29 36 -34 36 00 I  9220 11.96  1                         <    15.84       <   17.18 <    7.22  70.200 < 41.63
 N3310     10 35 39 +53 45 54 I   467 10.84  4 10 35 39 +53 46 06  150      48.00   7.9     34.55     10.92  30.100   41.07
 N3346     10 40 59 +15 08 06 I 10093 11.86  5                         <    26.83       <    5.47 <    1.99  36.000 < 40.49
 N3351     10 41 19 +11 58 05 I   497  9.88  3                         <    92.30       <   21.41 <    7.80  13.000 < 40.20
 N3353     10 42 17 +56 13 36 I  6371 13.20  3 10 42 16 +56 13 23   90      19.14   6.0      5.81      1.73  27.000   40.18
 N3368     10 44 08 +12 05 05 I  2109  9.49  2                         <    54.93       <   15.20 <    5.51  13.000 < 40.05
 N3377     10 45 03 +14 15 00 I  5793 11.10 -5                         <    30.08       <    4.92 <    1.36  13.000 < 39.44
 N3379     10 45 11 +12 50 47 I  2110 10.33 -5                         <    26.04       <   23.92 <    6.62  13.000 < 40.13
 N3384     10 45 38 +12 53 42 I  2110 10.70 -2                         <    14.82       <   13.61 <    3.76  13.000 < 39.88
 N3389     10 45 50 +12 47 54 I  2110 11.85  5                         <    20.39       <   18.73 <    6.79  36.200 < 41.03
 N3395     10 47 02 +33 14 41 I  3936 11.94  5 10 47 04 +33 14 55  180      58.55  14.1     10.80      3.72  44.400   40.94
 N3430     10 49 25 +33 12 53 I 99999 11.68  4                         <    55.53       <    8.35 <    2.87  42.900 < 40.80
 N3445     10 51 34 +57 15 18 I  7764 12.49  5                         <    14.39       <   11.17 <    3.33  52.100 < 41.03
 N3448     10 51 40 +54 34 30 I   416 12.15  0 10 51 42 +54 34 30  120      22.13   6.2     12.38      3.81  39.400   40.85
 N3455     10 51 52 +17 33 05 I  7757 12.37  5                         <    44.11       <    7.45 <    2.63  32.900 < 40.53
 N3458     10 52 58 +57 23 00 I  7764 13.15 -2                         <    20.83       <   16.17 <    3.92  47.400 < 41.02
 N3489     10 57 41 +14 10 11 I  5796 11.13  0                         <    27.17       <   13.47 <    4.60  10.300 < 39.77
 N3504     11 00 29 +28 14 30 I  4047 11.25  3 11 00 27 +28 14 21  150      29.62   7.4     11.78      4.03  42.600   40.94
 N3512     11 01 20 +28 18 17 I  4047 12.69  5                         <    27.36       <   10.88 <    3.72  40.200 < 40.86
 N3516   a 11 03 23 +72 50 24 I 99999 12.34 -2 11 03 23 +72 50 27          779.48  32.9    110.51     30.80  62.500   42.16
 N3585   b 11 10 50 -26 28 47 I  7034 10.81 -3 11 10 55 -26 28 59  150      54.15  11.7      5.43      1.63  34.700   40.37
 N3593     11 12 00 +13 05 24 I  5797 10.78  1 11 11 57 +13 05 14  120      33.69   8.3      6.99      2.37   8.800   39.34
 N3607     11 14 17 +18 19 42 I  3927 11.08 -2 11 14 16 +18 19 25  300     382.48  32.5     23.84      6.19  32.000   40.88
 N3608     11 14 21 +18 25 36 I  3927 11.88 -5 11 14 19 +18 26 00  180     115.31  19.8      7.19      1.87   3.760   40.50
 N3628     11 17 40 +13 52 05 I  5152  9.49  4 11 17 40 +13 51 42  390     604.15  39.5     47.64     16.41  12.400   40.48
 N3660     11 21 06 -08 24 00 I 10228 14.00  4 11 21 01 -08 23 20  330     154.65  21.7     27.59     10.55  78.600   41.89
 N3690     11 25 42 +58 50 00 H   442 11.66  9 11 25 42 +58 59 28   30      17.01   5.7      4.52      4.80  71.500   41.47
 N3718     11 29 50 +53 20 42 H  1897 10.44  1                         <    82.49       <   18.14 <   18.71  27.300 < 41.22
 N3718     11 29 50 +53 20 42 I  2654 10.44  1                         <    30.15       <   27.39 <    8.69  27.300 < 40.89
 N3729     11 31 04 +53 24 00 H  1897 11.58  1                         <    43.78       <    9.63 <    9.93  27.300 < 40.95
 N3729     11 31 04 +53 24 00 I  2654 11.58  1                         <    12.35       <   11.22 <    3.57  27.300 < 40.50
 N3783     11 36 33 -37 27 42 I  7209 12.68  1 11 36 33 -37 27 44  690    6912.50  91.6    928.82    416.29  61.900   43.28
 N3818     11 39 24 -05 52 42 I  5799 12.79 -5                         <    29.78       <   17.09 <    4.86  40.300 < 40.98
 N3884     11 43 36 +20 41 04 I  5190 13.50  1 11 43 37 +20 40 24  210      80.44  16.8     32.98     11.81 145.500   42.48
 N3887     11 44 33 -16 34 35 I 10229 10.99  3                         <    46.07       <    6.30 <    2.36  31.000 < 40.43
 N3888     11 44 55 +56 14 53 I  6101 12.72  5                         <    34.21       <    5.70 <    1.79  60.300 < 40.89
 N3893     11 46 01 +48 59 24 I  7759 10.65  5                         <    33.10       <    8.38 <    2.92  27.300 < 40.42
 N3894   b 11 46 10 +59 41 42 I  4949 12.90 -5 11 46 09 +59 42 01  210      53.09  11.3     18.77      4.93  74.700   41.52
 N3896     11 46 18 +48 57 12 I  7759 13.70  0                         <    22.65       <    5.74 <    1.99  28.800 < 40.30
 N3923     11 48 30 -28 31 42 I  5800 10.79 -3 11 48 30 -28 31 24  270     158.30  17.2     35.46     10.96  41.500   41.35
 N3990     11 55 01 +55 44 18 I  4548 13.11 -3                         <    15.00       <   11.70 <    2.98  27.300 < 40.42
 N3991     11 54 55 +32 36 48 I   443 12.86 10 11 54 56 +32 36 29  210      21.82   7.1     14.27      4.82  71.900   41.47
 N3994     11 55 01 +32 33 18 I   443 12.97  5                         <    15.36       <   10.04 <    3.39  72.000 < 41.32
 N3995     11 55 10 +32 34 17 I   443 12.19  5                         <    15.18       <    9.93 <    3.35  75.600 < 41.36
 N3998     11 55 20 +55 44 05 I  4548 11.50 -2 11 55 22 +55 43 51  330     300.95  19.7    234.75     59.88  34.700   41.94
 N4036     11 58 54 +62 10 30 I  7593 11.56  0                         <    24.95       <   11.87 <    4.10  39.500 < 40.88
 N4038   a 11 59 19 -18 35 05 I 99999 10.82  5 11 59 20 -18 35 15          255.20  20.3     36.70     14.16  41.000   41.45
 N4041     11 59 39 +62 25 00 I  7593 11.34  5                         <    35.28       <   16.79 <    5.79  36.500 < 40.97
 N4051     12 00 37 +44 48 42 I  7200 10.56  4 12 00 37 +44 48 38  480    5999.93  83.5    682.07    220.45  27.300   42.29
 N4105     12 04 06 -29 28 53 I  5801 11.76 -2 12 04 10 -29 28 00  240      77.48  16.6     11.81      3.58  43.600   40.91
 N4151     12 08 00 +39 40 54 H 99999 10.53  2 12 08 01 +39 41 05   80    1729.18  49.6     89.05    113.10  32.600   42.16
 N4151     12 08 00 +39 40 54 I 99999 10.53  2 12 08 02 +39 41 07  360    7524.15  93.2    280.44     97.00  32.600   42.09
 N4156     12 08 17 +39 44 54 H 99999 13.55  3 12 08 18 +39 45 04   20      57.72   9.7      2.97      3.78 142.400   41.96
 N4156     12 08 17 +39 44 54 I 99999 13.55  3 12 08 19 +39 44 59  180     416.36  28.5     15.52      5.37 142.400   42.11
 N4168   a 12 09 44 +13 29 00 I 99999 12.21 -5 12 09 41 +13 28 59           48.89  12.2      8.24      2.26  27.000   40.29
 N4178     12 10 14 +11 08 48 I 99999 11.26  5                         <    69.86       <    8.18 <    2.79  27.000 < 40.39
 N4190   a 12 11 13 +36 54 35 I 99999 12.84  9 12 11 15 +36 54 31          118.26  15.0     17.61      5.92   4.500   39.16
 N4192   a 12 11 15 +15 10 48 I 99999  9.85  3 12 11 14 +15 10 59           51.25  13.7      3.70      1.33  27.000   40.06
 N4203     12 12 34 +33 28 42 I  3922 11.62 -2 12 12 32 +33 28 43  240     189.97  15.4    123.07     31.42  15.600   40.96
 N4206     12 12 44 +13 18 12 I  4303 12.80  4                         <    48.75       <    5.60 <    2.03  27.000 < 40.25
 N4212     12 13 07 +14 10 48 I  6982 11.44  5 12 13 07 +14 10 00   90      33.30   7.3      5.28      1.91  27.000   40.22
 N4214     12 13 08 +36 36 30 H  2897 10.03  9                         <    73.69       <   33.68 <   39.96   5.600 < 40.18
 N4215     12 13 22 +06 41 00 I 10119 13.04 -2                         <    15.59       <    7.81 <    2.04  56.400 < 40.89
 N4216     12 13 21 +13 25 23 I  4303  9.76  3 12 13 20 +13 24 59   90      27.32   8.2      3.14      1.14  27.000   40.00
 N4224     12 14 01 +07 44 24 I  6711 12.04  1                         <    25.03       <   11.74 <    3.90  56.400 < 41.17
 N4235     12 14 37 +07 28 06 I  6711 12.00  1 12 14 27 +38 00 19  150     260.74  17.3    122.25     40.61  56.400   42.19
 N4236  be 12 14 22 +69 45 00 I  5803  9.35  7 12 14 14 +69 44 30           44.06  13.0      3.27      1.02   3.500   38.17
 N4244   b 12 15 00 +38 05 11 I  5153  9.73  6 12 14 36 +07 28 15  120      88.71  15.1      6.46      2.20   5.000   38.82
 N4245     12 15 05 +29 52 54 I  6712 12.25  1                         <    21.14       <    8.66 <    2.91  15.600 < 39.93
 N4246     12 15 25 +07 27 54 I  6711 13.03  5                         <    22.73       <   10.66 <    3.54  82.100 < 41.46
 N4251     12 15 36 +28 27 06 I  7036 11.62 -2                         <    46.44       <    4.60 <    1.22  15.600 < 39.55
 N4254     12 16 17 +14 41 42 I  4306 10.11  5 12 16 19 +14 41 28  150     135.75  16.3     12.59      4.56  27.000   40.60
 N4258   e 12 16 29 +47 35 00 H 10756  8.04  3 12 16 30 +47 35 00           44.61  11.4     43.06     45.66  10.900   40.81
 N4260     12 16 49 +06 22 36 I  2672 12.30  1                         <    37.78       <   17.58 <    5.86  56.400 < 41.35
 N4261   a 12 16 50 +06 06 05 I 99999 11.38 -5 12 16 50 +06 06 18          456.33  32.7     50.40     13.18  56.400   41.70
 N4267     12 17 13 +13 04 35 I  6984 11.78 -2                         <    40.57       <    8.03 <    2.23  27.000 < 40.29
 N4291     12 18 07 +75 38 47 H   559 12.26 -5 12 18 07 +75 38 46   70      42.13  13.6      8.31      7.46  47.200   41.30
 N4291     12 18 07 +75 38 47 I  5424 12.26 -5 12 18 02 +75 38 40  270     389.29  30.3     29.69      8.24  47.200   41.34
 N4298     12 19 00 +14 53 05 I  4305 11.61  5 12 19 06 +14 52 59  240      91.54  23.7      6.14      2.22  27.000   40.29
 N4303     12 19 22 +04 45 05 I 99999  9.86  5 12 19 21 +04 45 16  210     330.75  25.9     28.03      9.42  24.400   40.83
 N4321   a 12 20 23 +16 06 00 I 99999  9.79  5 12 20 23 +16 05 49           66.14  11.0     23.86      8.43  27.000   40.87
 N4321     12 20 23 +16 06 00 H 99999  9.79  5 12 20 23 +16 05 59   80     244.46  41.1      6.06      8.04  27.000   40.85
 N4340     12 21 04 +17 00 00 I  6988 11.93 -2                         <    92.74       <    8.70 <    2.37  27.000 < 40.32
 N4350     12 21 26 +16 58 17 I  6988 11.88 -2                         <    64.30       <    6.04 <    1.64  27.000 < 40.16
 N4351     12 21 29 +12 28 54 I  6990 12.47  2                         <    16.97       <   10.73 <    3.86  27.000 < 40.53
 N4365   a 12 21 56 +07 35 42 I 99999 10.60 -5 12 21 56 +07 35 22          109.55  14.9     11.40      2.99  27.000   40.42
 N4374   a 12 22 31 +13 09 48 I 99999 10.23 -5 12 22 31 +13 09 49         2364.83 100.5     59.84     16.43  27.000   41.16
 N4374     12 22 31 +13 09 48 H  4320 10.23 -5 12 22 32 +13 09 48   90     734.04  49.7     17.80     15.59  27.000   41.13
 N4378   b 12 22 45 +05 12 06 I  9155 12.28  1 12 22 47 +05 11 44  180      51.54  13.5      9.74      3.28  56.400   41.10
 N4382   a 12 22 53 +18 28 00 I 99999 10.10 -2 12 22 53 +18 28 02          403.84  32.2     21.82      6.02  27.000   40.72
 N4385     12 23 12 +00 50 54 I  4049 12.60  4                         <    17.95       <   21.80 <    7.43  53.800 < 41.41
 N4386     12 22 22 +75 48 17 I 99999 12.53 -2                         <    57.87       <    3.61 <    1.01  45.200 < 40.39
 N4387     12 23 09 +13 05 18 I  4311 12.75 -5                         <    64.33       <   14.11 <    3.89  27.000 < 40.53
 N4388     12 23 14 +12 56 17 I   278 10.65  2 12 23 16 +12 56 10  210     643.82  51.9     18.41      6.60  27.000   40.76
 N4394     12 23 25 +18 29 23 I 99999 11.28  3                         <    73.49       <    3.97 <    1.43  27.000 < 40.10
 N4406     12 23 40 +13 13 23 H  4321 10.02 -3 12 23 39 +13 13 22  170     742.18  69.3     29.19     25.78  27.000   41.35
 N4406     12 23 40 +13 13 23 I  4311 10.02 -3 12 23 41 +13 13 11  840    3292.21  79.9    722.25    198.81  27.000   42.24
 N4417     12 24 18 +09 51 42 H  2891 12.07 -2                         <    25.22       <   16.34 <   13.13  27.000 < 41.06
 N4424   b 12 24 40 +09 41 47 I   280 11.50  1 12 24 39 +09 41 47   90      60.48  19.5      1.29      0.44  27.000   39.58
 N4424     12 24 40 +09 41 47 H  2891 11.50  1                         <    27.88       <   17.99 <   21.74  27.000 < 41.28
 N4425     12 24 42 +13 00 42 I   278 12.79 -2                         <   260.48       <    7.45 <    2.05  27.000 < 40.25
 N4429   b 12 24 54 +11 23 06 I  6999 11.15  0 12 24 53 +11 23 05  210      49.93  14.1      9.14      3.20  27.000   40.45
 N4435     12 25 08 +13 21 23 H  9008 11.72 -2                         <   143.67       <    2.86 <    2.50  27.000 < 40.34
 N4435     12 25 08 +13 21 23 I 99999 11.72 -2                         <   504.69       <   13.81 <    3.80  27.000 < 40.52
 N4438   a 12 25 14 +13 17 06 I 99999  9.97  3 12 25 12 +13 17 27          100.24  21.6     16.34      5.89  27.000   40.71
 N4438     12 25 14 +13 17 06 H  9008  9.97  3 12 25 14 +13 17 07  120     454.26  59.6      9.03     12.29  27.000   41.03
 N4449     12 25 47 +44 22 17 H  4967  9.65  9 12 25 46 +44 22 17  150     565.00  62.9     17.73     19.76   4.800   39.74
 N4449     12 25 47 +44 22 17 I  2123  9.65  9 12 25 45 +44 23 06  180      62.77   9.3     38.93     12.72   4.800   39.54
 N4450     12 25 59 +17 21 42 I  7001 10.31  2 12 25 58 +17 21 47  270     105.80  15.0     32.49     11.48  27.000   41.00
 N4458     12 26 25 +13 31 06 I  7003 12.70 -5 12 26 28 +13 30 36   90      35.28  10.0      6.96      1.91  27.000   40.22
 N4459     12 26 29 +14 15 18 I  2124 11.49 -2                         <    45.64       <   10.40 <    2.87  27.000 < 40.40
 N4461     12 26 31 +13 27 42 I  7003 12.09  1                         <    48.49       <    9.57 <    3.44  27.000 < 40.48
 N4464     12 26 49 +08 26 06 I  4308 13.31  0                         <   102.76       <   13.39 <    4.48  27.000 < 40.59
 N4467     12 26 57 +08 16 12 H  7068 15.18 -5                         <    22.94       <    0.71 <    0.56  27.000 < 39.69
 N4472     12 27 14 +08 16 42 H  7068  9.32 -3 12 27 14 +08 16 32  180    1681.68  82.1     52.30     40.87  27.000   41.55
 N4472     12 27 14 +08 16 42 I  4308  9.32 -3 12 27 13 +08 16 25  810    3829.83  82.0    499.18    130.89  27.000   42.06
 N4473   a 12 27 17 +13 42 24 I 99999 11.07 -5 12 27 16 +13 42 23          129.32  32.8     13.68      3.76  27.000   40.52
 N4474     12 27 22 +14 20 42 I  2124 12.70 -2                         <    31.68       <    7.22 <    1.99  27.000 < 40.24
 N4477   a 12 27 31 +13 54 42 I 99999 11.24  0 12 27 30 +13 54 34          473.32  45.3     19.60      7.07  27.000   40.79
 N4479     12 27 46 +13 51 12 I 99999 13.21 -2                         <   102.26       <    5.17 <    1.43  27.000 < 40.10
 N4501     12 29 28 +14 41 42 I  4304  9.77  4 12 29 27 +14 41 56  240     217.70  24.8     21.19      7.53  27.000   40.82
 N4503     12 29 34 +11 27 12 I   279 12.22  1                         <    74.31       <    3.65 <    1.29  27.000 < 40.05
 N4507     12 32 54 -39 38 00 I  2664 12.80 -1                         <    21.48       <   26.54 <    8.35  72.500 < 41.72
 N4522     12 31 08 +09 27 00 I  7445 11.97  4                         <    34.10       <   18.28 <    6.16  27.000 < 40.73
 N4526   a 12 31 31 +07 58 30 I 99999 10.59 -2 12 31 31 +07 58 27          108.22  24.6      5.99      1.57  27.000   40.14
 N4527     12 31 35 +02 55 42 I  9133 10.30  3                         <    33.53       <   16.15 <    5.52  21.700 < 40.49
 N4535     12 31 48 +08 28 36 I  4310 10.12  5                         <    80.60       <    8.33 <    2.79  27.000 < 40.39
 N4536     12 31 54 +02 27 42 I  9134 10.44  5 12 31 57 +02 28 00  210      63.87  12.9     17.32      5.90  21.400   40.51
 N4548     12 32 55 +14 46 24 I 99999 10.43  3                         <    88.34       <   13.74 <    4.85  27.000 < 40.63
 N4550     12 32 59 +12 29 47 I  4313 12.33 -3                         <    56.41       <    6.70 <    1.83  27.000 < 40.20
 N4551     12 33 06 +12 32 24 I  4313 12.65 -5                         <    85.47       <   10.14 <    2.77  27.000 < 40.38
 N4552     12 33 08 +12 50 00 I  4313 10.80 -2 12 33 07 +12 49 45  150     296.22  22.8     35.16      9.60  27.000   40.92
 N4564     12 33 55 +11 42 54 H  2898 11.87 -5                         <    26.30       <   16.19 <   13.91  27.000 < 41.08
 N4564     12 33 55 +11 42 54 I  4317 11.87 -5                         <    35.98       <    6.59 <    1.79  27.000 < 40.19
 N4565     12 33 52 +26 15 36 I  9974  9.06  3 12 33 52 +26 15 51  300     501.26  38.5     24.22      7.85  15.600   40.36
 N4567     12 34 01 +11 32 00 I  4317 11.67  5 12 34 02 +11 31 30  210      72.34  16.2     13.26      4.68  27.000   40.61
 N4569   a 12 34 19 +13 26 23 I 99999  9.39  2 12 34 15 +13 26 59           88.91  15.6     16.88      6.00  27.000   40.72
 N4571     12 34 25 +14 29 36 I  7011 11.49  5                         <    13.75       <    9.66 <    3.41  27.000 < 40.47
 N4578     12 34 59 +09 49 47 I 10120 12.04 -2                         <    23.72       <   10.55 <    2.78  27.000 < 40.38
 N4579     12 35 12 +12 05 35 H  7067 10.01  2 12 35 12 +12 05 34   80     341.73  26.6     35.82     48.12  27.000   41.62
 N4579     12 35 12 +12 05 35 I 99999 10.01  2 12 35 12 +12 05 43  270    1838.72  47.3    220.24     78.64  27.000   41.84
 N4589     12 35 28 +74 28 00 I 10243 11.81 -5                         <    35.05       <    6.12 <    1.65  48.200 < 40.66
 N4594     12 37 23 -11 21 00 I 99999  8.40  2 12 37 23 -11 20 44  390     496.30  31.1     76.48     29.24  32.100   41.56
 N4603     12 38 11 -40 42 05 I  6054 11.43  5 12 38 09 -40 41 51  120      62.66  13.2      5.10      2.21  74.600   41.17
 N4621     12 39 31 +11 55 12 I  2129 10.67 -5                         <    70.80       <   11.33 <    3.10  27.000 < 40.43
 N4631     12 39 41 +32 48 47 H  4367  8.98  5                         <   146.56       <   15.95 <   17.35  11.100 < 40.41
 N4631     12 39 41 +32 48 47 I   471  8.98  5 12 39 32 +32 48 15  270     130.37  15.0     42.78     13.81  11.100   40.31
 N4636     12 40 17 +02 57 42 H  7038 10.50 -3 12 40 17 +02 57 36  180    1941.13  77.1     61.11     49.71  27.300   41.65
 N4636     12 40 17 +02 57 42 I   412 10.50 -3 12 40 17 +02 57 44  600     567.84  30.8    410.33    108.94  27.300   41.99
 N4638   b 12 40 16 +11 42 54 I  2130 12.05 -2 12 40 21 +11 44 11  150      43.18  12.6      7.01      1.91  27.000   40.22
 N4639     12 40 21 +13 31 53 I 99999 11.57  3 12 40 22 +13 31 44  270     353.72  29.3     36.94     12.95  27.000   41.05
 N4643   b 12 40 48 +02 15 06 I  2133 11.55  0 12 40 45 +02 13 59   90      28.72   6.9      6.92      2.35  41.300   40.68
 N4645     12 41 25 -41 28 42 I  6056 12.56 -5                         <    45.04       <    3.76 <    1.20  74.600 < 40.90
 N4647     12 41 01 +11 51 12 H  2132 11.66  5                         <    96.74       <    5.72 <    7.58  27.000 < 40.82
 N4649     12 41 09 +11 49 30 H  2132  9.83 -2 12 41 09 +11 49 32  140     584.30  47.3     34.52     29.66  27.000   41.41
 N4649     12 41 09 +11 49 30 I  2130  9.83 -2 12 41 08 +11 49 37  420    1064.24  41.4    172.75     46.98  27.000   41.61
 N4651     12 41 13 +16 40 05 I  3241 10.95  5                         <    38.03       <    9.97 <    3.43  27.000 < 40.48
 N4654     12 41 26 +13 24 00 I 99999 10.68  5                         <    86.34       <    9.02 <    3.16  27.000 < 40.44
 N4665     12 42 33 +03 19 47 I 99999 11.43  0                         <   110.41       <    9.07 <    3.10  28.800 < 40.49
 N4689     12 45 15 +14 02 05 I  7018 11.22  5 12 45 17 +14 02 41  150     108.52  12.8     25.25      8.77  27.000   40.88
 N4697   a 12 46 01 -05 31 42 I 99999 10.11 -5 12 45 59 -05 31 51          176.39  23.9     20.89      5.58  37.400   40.97
 N4698   b 12 45 52 +08 45 35 I 99999 11.15  1 12 34 52 +08 46 59  180      72.53  17.0      7.05      2.38  27.000   40.32
 N4736     12 48 32 +41 23 36 H  2699  8.38  2 12 48 32 +41 23 31   60      33.71   7.9     18.32     20.42   6.900   40.07
 N4753     12 49 48 -00 55 42 I  7039 10.85 -2 12 49 47 -00 55 24  180      79.03  17.3      6.54      1.71  24.300   40.08
 N4754     12 49 47 +11 35 05 I 99999 11.41 -2                         <    70.26       <    5.74 <    1.54  27.000 < 40.13
 N4756     12 50 15 -15 08 36 I  1900 13.28 -5 12 50 13 -15 08 01  270     235.82  22.2     42.79     12.16  88.400   42.06
 N4762   a 12 50 25 +11 30 06 I 99999 11.26 -2 12 50 24 +11 30 01          172.52  26.5     14.09      3.79  27.000   40.52
 N4782     12 51 59 -12 18 06 I   444 12.75 -5 12 51 59 -12 17 49  180      34.57   7.6     24.31      6.89  84.700   41.77
 N4826     12 54 17 +21 57 05 I  2136  8.62  2 12 54 16 +21 57 33  270     106.93  16.5     21.97      7.89   6.600   39.61
 N4845     12 55 28 +01 50 47 I  9156 11.07  1                         <    36.04       <    7.52 <    2.52  25.100 < 40.28
 N4861     12 56 40 +35 07 54 I   445 12.48  9 12 56 40 +35 07 49  300      60.80  12.5     23.34      7.42  28.600   40.86
 N4880     12 57 40 +12 45 05 I  5990 12.57 -2                         <    31.69       <   10.14 <    2.73  25.200 < 40.32
 N5033     13 11 08 +36 51 47 I  5128 10.11  4 13 11 08 +36 51 47  270    1536.30  72.1    247.17     77.37  30.100   41.92
 N5037     13 12 22 -16 19 36 I  6653 11.90  2                         <    23.77       <   17.10 <    6.84  46.600 < 41.25
 N5044     13 12 44 -16 07 18 I  6653 11.87 -5 13 12 44 -16 07 22  780    1473.78  44.7   1060.56    315.01  62.500   43.17
 N5068     13 16 13 -20 46 35 I  5807 10.15  5                         <    62.47       <   14.65 <    6.37  10.800 < 39.95
 N5077     13 16 53 -12 23 42 I 10244 12.52 -5 13 16 54 -12 23 55  120      50.75   9.9      8.26      2.32  65.200   41.07
 N5079     13 16 59 -12 26 12 I 10244 13.80  4                         <    38.57       <    6.28 <    2.32  64.500 < 41.06
 N5084     13 17 34 -21 33 54 I  8996 11.95 -2 13 17 33 -21 34 01  180      91.43  19.2     23.22      7.46  42.400   41.21
 N5088     13 17 42 -12 18 47 I 10244 12.45  5                         <    36.70       <    5.98 <    2.21  39.400 < 40.61
 N5101     13 19 01 -27 10 06 I  2138 11.48  1                         <    61.22       <   14.77 <    5.90  44.000 < 41.14
 N5102     13 19 07 -36 22 06 I  7040 10.47 -2                         <    22.25       <   11.73 <    3.44   5.600 < 39.11
 N5128   a 13 22 32 -42 45 30 H 99999  6.62 -2 13 22 32 -42 45 32         3260.21 105.1     68.07     78.42   7.900   40.77
 N5128     13 22 32 -42 45 30 I   477  6.62 -2 13 22 33 -42 45 35 1020   15754.90 159.7   1234.71    398.44   7.900   41.48
 N5135     13 22 56 -29 34 17 I  5255 11.91  3 13 22 54 -29 34 24  120      19.30   5.9      8.52      3.35  85.700   41.47
 N5194     13 27 46 +47 27 17 H  3047  8.57  4 13 27 46 +47 27 12  190     717.59  70.6     31.36     34.12  12.400   40.80
 N5195     13 27 53 +47 31 47 H  3047 10.50 -2 13 27 53 +47 31 13   40      71.28  15.8      3.11      2.32  14.900   39.79
 N5204     13 27 44 +58 40 42 I  7635 11.29  7 13 27 44 +58 40 42  150     200.56  17.3     28.75      9.58   7.700   39.83
 N5236     13 34 10 -29 36 47 H 99999  8.08  5 13 34 12 -29 36 41  200    1296.20  93.1     29.57     46.95   7.600   40.51
 N5236     13 34 10 -29 36 47 I   588  8.08  5 13 34 13 -29 36 24  390     750.32  33.7    131.45     50.98   7.600   40.55
 N5248     13 35 03 +09 08 30 I  9136 10.42  4 13 35 03 +09 08 08  120      33.34   8.1      9.16      3.17  36.500   40.70
 N5253     13 37 05 -31 23 23 H 99999 10.98  0                         <    75.24       <    3.15 <    4.92   5.100 < 39.19
 N5253     13 37 05 -31 23 23 I  7061 10.98  0 13 37 03 -31 23 00  150      34.33  10.4      5.63      2.17   5.100   38.83
 N5313     13 47 37 +40 14 00 I  3935 12.69  3                         <    35.52       <    6.84 <    2.12  60.800 < 40.97
 N5318     13 48 18 +33 57 00 I  4549 13.40 -2                         <    17.75       <    8.35 <    2.14  95.700 < 41.37
 N5322     13 47 35 +60 26 23 I 10245 10.91 -5                         <    79.02       <   13.51 <    3.58  50.800 < 41.04
 N5326     13 48 42 +39 49 12 I  3933 12.94  1                         <    28.19       <    6.44 <    2.01  60.800 < 40.95
 N5350     13 51 14 +40 36 42 H  8929 11.84  4                         <    66.59       <    6.90 <    7.12  60.800 < 41.50
 N5350     13 51 14 +40 36 42 I  3932 11.84  4                         <    33.56       <   10.43 <    3.30  60.800 < 41.16
 N5353     13 51 21 +40 31 30 H  8929 12.05 -3 13 51 19 +40 31 45   30      38.25   9.2      3.96      2.84  60.800   41.10
 N5353     13 51 21 +40 31 30 I  3932 12.05 -3 13 51 19 +40 32 00  150      73.70  11.4     22.91      5.79  60.800   41.41
 N5354     13 51 20 +40 32 42 H  8929 12.19 -2                         <    58.35       <    6.05 <    4.33  63.900 < 41.33
 N5363     13 53 37 +05 30 00 I  7277 11.06 -2 13 53 36 +05 29 59  210      23.73   7.7     15.00      4.02  36.000   40.79
 N5364     13 53 42 +05 15 36 I  7277 10.64  5                         <    34.73       <   21.95 <    7.59  41.000 < 41.18
 N5410     13 58 48 +41 13 00 I  3151 14.00  5                         <    20.50       <   11.26 <    3.62  85.400 < 41.50
 N5457   c 14 01 28 +54 35 35 H  2899  7.89  5                                                                8.700
 N5457   c 14 01 28 +54 35 35 I 99999  7.89  5                                                        19.35   8.700   40.24
 N5474     14 03 15 +53 54 00 I  7636 11.01  6                         <    36.16       <    5.45 <    1.74   9.600 < 39.28
 N5477     14 03 47 +54 42 06 I  2140 13.90  9                         <    68.96       <    6.64 <    2.13  10.300 < 39.43
 N5485     14 05 27 +55 14 11 I  8337 12.44 -2                         <    46.98       <   13.95 <    3.59  52.700 < 41.08
 N5506     14 10 38 -02 58 30 I 99999 13.60  1 14 10 39 -02 58 21  360    3967.86  69.5    292.72    111.83  46.100   42.45
 N5532   b 14 14 25 +11 02 18 I  1905 12.64 -2 14 14 27 +11 01 59  180      36.43  10.8     11.28      2.99 154.600   41.93
 N5548     14 15 43 +25 22 00 H 99999 12.90  1 14 15 43 +25 22 01  100   10182.28 108.4    396.95    470.98 109.800   43.83
 N5548     14 15 43 +25 22 00 I   356 12.90  1 14 15 43 +25 22 07  600   24300.95 168.2   1085.00    365.19 109.800   43.72
 N5566   b 14 17 49 +04 09 41 I  2143 10.35  1 14 17 39 +04 08 29  180      40.02  11.5      8.16      2.87  42.400   40.79
 N5576     14 18 33 +03 29 53 I  6685 11.76 -5                         <    24.88       <    9.78 <    2.65  42.400 < 40.76
 N5585     14 18 12 +56 57 30 I  7637 10.94  7                         <    59.60       <    9.62 <    3.16  11.200 < 39.68
 N5643     14 29 28 -43 57 12 I  5252 10.19  5 14 29 29 -43 56 53  150      35.02   7.6     22.72     10.46  27.200   40.97
 N5645     14 28 10 +07 29 47 I  3300 12.35  5                         <    24.36       <   12.76 <    4.40  39.900 < 40.92
 N5674     14 31 21 +05 39 35 I  6361 13.70  3 14 31 24 +05 40 50  150      37.65  10.0      7.12      2.52 158.000   41.88
 N5683     14 33 06 +48 52 54 I  2625 15.17  0 14 33 07 +48 52 43  240     298.44  18.7    141.18     49.62 243.100   43.55
 N5689     14 33 44 +48 57 35 I  2625 12.44  1                         <    21.40       <   10.12 <    3.56  57.200 < 41.14
 N5728     14 39 37 -17 02 17 I  5256 11.27  3 14 39 36 -17 02 37  150      18.96   5.8     12.69      5.46  67.800   41.48
 N5838     15 02 54 +02 17 36 I 10456 11.72 -2 15 02 57 +02 17 50  120      78.90  15.0      4.90      1.42  45.800   40.55
 N5846     15 03 56 +01 47 47 I  9975 11.13 -2 15 03 57 +01 47 55  600    2544.01  75.3    177.36     51.38  45.800   42.11
 N5850     15 04 35 +01 44 12 I  9975 11.20  3 15 04 38 +01 43 44   90      33.72  10.5      2.35      0.91  45.800   40.36
 N5866     15 05 07 +55 57 17 I  2144 10.86 -2 15 05 06 +55 57 17   90      15.95   5.0      7.78      2.02  24.600   40.17
 N5879     15 08 29 +57 11 23 I  9143 11.11  3                         <    29.23       <   11.78 <    3.90  27.000 < 40.53
 N5907     15 14 37 +56 30 23 I  7062 10.28  5                         <    35.24       <    9.14 <    2.99  23.900 < 40.31
 N5982     15 37 38 +59 31 06 I  6646 12.03 -5 15 37 38 +59 31 05  150      38.22   9.4     19.35      5.12  69.100   41.47
 N5985     15 38 36 +59 29 36 I  6646 11.01  3                         <    49.36       <   24.98 <    8.49  63.000 < 41.61
 N6027     15 57 00 +20 54 12 I   462 14.23 -2                         <    18.01       <   15.48 <    4.45  97.600 < 41.71
 N6034     16 01 10 +17 20 07 I  3923 14.60 -5 16 01 17 +17 20 29  240      29.72   9.4     19.28      5.46 209.500   42.46
 N6052     16 03 01 +20 40 30 I   411 13.21  5                         <    22.42       <   27.09 <   10.40  99.400 < 42.09
 N6146     16 23 34 +40 59 24 I  4547 13.50 -2                         <    20.82       <   18.54 <    4.64 183.200 < 42.27
 N6300     17 12 18 -62 45 47 I  6373  9.96  3                         <    37.01       <   11.89 <    5.14  23.000 < 40.51
 N6454   b 17 44 00 +55 43 00 I   421 14.50  5 17 45 39 +55 44 00  180      27.97   6.6     28.24     10.78 190.400   42.67
 N6503   a 17 49 58 +70 09 30 I 99999 10.15  5                         <    42.68       <   14.16 <    5.46   9.800 < 39.80
 N6744     19 05 02 -63 56 17 I  7063  8.63  4 19 05 17 -63 54 57  240     355.06  33.9     17.28      7.17  16.700   40.38
 N6814     19 39 55 -10 26 36 H   345 11.37  4 19 39 56 -10 26 32   60      66.45  10.4     25.16     52.14  36.600   41.92
 N6814     19 39 55 -10 26 36 I   354 11.37  4 19 39 56 -10 26 32  480    1641.64  64.9     61.60     27.72  36.600   41.65
 N6822     19 42 07 -14 55 42 H  2729  8.90 10 19 42 07 -14 55 49   60     140.72  32.0      4.21      8.56   0.700   37.70
 N6872     20 11 40 -70 55 30 I  1858 11.52  3 20 11 43 -70 55 14  270     142.09  22.8     21.50      8.66  90.500   41.93
 N6876     20 13 05 -71 01 00 I  1858 12.45 -5 20 13 08 -71 00 45  240     205.58  21.2     31.10      9.29  73.400   41.78
 N6880     20 14 16 -71 01 00 I  1858 14.00 -1                         <    74.20       <   11.23 <    3.35  75.200 < 41.36
 N6890     20 14 50 -44 57 24 I  5253 12.35  2                         <    15.87       <   10.13 <    3.96  51.100 < 41.09
 N6946     20 33 48 +59 59 00 I 99999  8.84  5 20 33 58 +60 00 40  480    1980.91  76.9     59.67     32.05   8.800   40.47
 N6951     20 36 37 +65 55 54 I  9137 11.31  3                         <    14.07       <   11.70 <    5.81  38.700 < 41.02
 N6962     20 44 45 +00 08 00 I 10691 12.22  2                         <    38.25       <    7.37 <    3.03  86.400 < 41.43
 N6963     20 44 46 +00 17 54 I 10691 14.40 -5                         <    32.06       <    6.18 <    1.88  89.100 < 41.25
 N6964     20 44 50 +00 06 48 I 10691 13.12 -5                         <    30.74       <    5.93 <    1.80  79.000 < 41.13
 N7213     22 06 12 -47 25 00 I  6714 10.72  1 22 06 09 -47 24 35  600    4498.19  69.1   2728.14    932.75  35.400   43.15
 N7236     22 12 18 +13 36 06 H  1913 14.08 -3                         <    17.27       <    2.53 <    2.57 158.000 < 41.89
 N7237     22 12 20 +13 35 30 H  1913 14.33 -3                         <    23.54       <    3.45 <    3.50 158.300 < 42.02
 N7314     22 33 00 -26 18 30 H  1160 11.11  5                         <    18.69       <    8.43 <   10.54  29.400 < 41.04
 N7320     22 33 45 +33 41 24 I  7827 12.55  7 22 33 43 +33 42 07  270      57.77  13.3     20.06      8.64  22.200   40.71
 N7331     22 34 47 +34 09 30 I  9145  9.14  3 22 34 47 +34 08 59  180      24.61   6.4     20.38      8.81  23.000   40.75
 N7332     22 35 01 +23 32 17 I 10122 11.58 -2                         <    18.65       <   10.78 <    3.15  29.300 < 40.51
 N7339     22 35 23 +23 31 30 I 10122 12.20  4                         <    29.73       <   17.18 <    6.74  31.000 < 40.89
 N7469   a 23 00 44 +08 36 17 I 99999 11.95  2 23 00 45 +08 36 16         3881.26  69.4    987.71    390.08  97.000   43.64
 N7469     23 00 44 +08 36 17 H 99999 11.95  2 23 00 45 +08 36 16  110    5632.75  82.7    382.14    629.20  97.000   43.85
 N7496     23 06 59 -43 42 00 I   435 11.41  5                         <    30.96       <   12.95 <    4.45  32.300 < 40.74
 N7552     23 13 25 -42 51 30 I 99999 10.99  4 23 13 25 -42 51 08  180      94.95  13.8     25.60      8.74  31.300   41.01
 N7562     23 13 25 +06 24 54 I  8364 12.28 -5                         <    41.13       <   12.16 <    3.69  72.000 < 41.36
 N7582   a 23 15 38 -42 38 42 I 99999 10.60  2 23 15 39 -42 38 36          434.04  32.5     32.39     11.09  28.300   41.03
 N7590   a 23 16 11 -42 30 42 I 99999 11.59  5 23 16 11 -42 30 42          126.71  21.0      8.28      2.83  27.800   40.42
 N7599     23 16 36 -42 31 47 I 99999 11.36  5 23 16 37 -42 31 54  180      92.52  20.5      6.05      2.07  32.500   40.42
 N7611     23 17 04 +07 47 24 I  2598 12.99  0                         <    84.28       <    9.62 <    3.85  65.100 < 41.29
 N7619     23 17 43 +07 56 00 I  2598 12.17 -5 23 17 42 +07 55 30  300     440.37  33.1     50.29     14.92  75.000   42.00
 N7626     23 18 10 +07 56 35 I  2598 12.17 -5 23 18 12 +07 56 00  240     167.44  24.8     19.12      5.67  68.300   41.50
 N7673     23 25 12 +23 18 54 I 10201 12.66  5 23 25 12 +23 18 54  150      32.05   9.1      7.12      2.78  69.600   41.21
 N7677     23 25 36 +23 15 18 I 10201 13.90  4                         <    42.41       <    9.43 <    3.68  72.600 < 41.37
 N7679     23 26 14 +03 14 11 I  9153 12.79  5 23 26 15 +03 13 44  270      23.97   7.1     26.93     10.72 101.700   42.12
 N7682     23 26 30 +03 15 30 I  9153 14.10  2                         <    26.42       <   29.68 <   11.82 101.500 < 42.16
 N7714     23 33 40 +01 52 42 I  4043 13.00  3 23 33 40 +01 52 39   90      18.50   5.4      7.08      2.82  59.300   41.07
 N7769     23 48 31 +19 52 17 I  6367 12.44  4                         <    44.68       <    7.92 <    3.09  84.600 < 41.42
 N7771     23 48 52 +19 50 00 I  6367 12.51  1 23 48 49 +19 49 55  210     104.74  14.9     18.56      7.24  85.700   41.80
 N7793     23 55 15 -32 52 05 I  2146  9.25  7 23 55 18 -32 53 38  150      39.55   7.7     21.38      6.81   2.800   38.81
 SMC     a 00 51 00 -73 06 00       0  2.48  9                                                                0.063   37.79
 U3691     07 05 06 +15 15 00 I  5156 13.30  6                         <    91.08       <    7.69 <    3.48  46.000 < 40.95
